-96
-87
13
52
36
-55
41
41
-6
57
37
31
-49
99
91
8
-45
11
-24
22
95
-98
27
-55
-87
72
-83
22
63
29
26
-19
-79
-77
-59
-44
-18
34
52
98
-77
-72
-9
40
93
79
-76
-39
11
88
-69
52
49
47
-29
-27
-55
-23
-50
-42
-8
90
-18
-6
-49
18
-43
-2
98
-74
73
3
52
52
21
-59
-86
-86
38
85
-27
45
-51
-8
-48
90
39
35
-57
10
19
-10
96
36
74
66
-41
-66
26
-75
-74
-73
64
-51
-10
69
-16
29
-90
-62
1
39
-68
-92
3
9
-32
58
-9
-34
46
-62
-11
-46
-77
-89
-100
-59
-34
1
-56
-49
30
-95
36
-40
-46
-11
-35
0
-49
-64
19
82
89
10
-60
-33
32
-5
75
-9
-46
87
6
43
-22
3
34
27
13
94
7
-60
50
-64
-11
-9
52
65
75
-65
23
-44
-26
87
63
86
61
76
-61
-26
70
-85
35
40
10
91
-84
13
-2
75
-92
-75
8
-6
38
-67
-97
-35
-4
32
-63
69
-68
-21
100
55
-98
-96
44
-41
68
-37
64
2
24
-86
-77
-18
98
44
94
-9
-73
-85
94
-35
64
-97
-74
77
-59
39
-83
-50
58
-16
55
-30
-56
56
95
39
-13
80
-24
-79
-15
-77
35
-98
43
-41
-68
-82
18
57
42
-70
-54
40
-49
-55
38
-32
-45
22
-64
-91
26
51
52
-95
7
95
17
-85
-32
17
-53
50
53
100
-76
-91
68
-88
-39
-98
99
-43
1
-12
72
-93
36
-38
53
94
