-96
-87
-55
-6
-49
-45
-24
-98
-55
-87
-83
-19
-79
-77
-59
-44
-18
-77
-72
-9
-76
-39
-69
-29
-27
-55
-23
-50
-42
-8
-18
-6
-49
-43
-2
-74
-59
-86
-86
-27
-51
-8
-48
-57
-10
-41
-66
-75
-74
-73
-51
-10
-16
-90
-62
-68
-92
-32
-9
-34
-62
-11
-46
-77
-89
-100
-59
-34
-56
-49
-95
-40
-46
-11
-35
-49
-64
-60
-33
-5
-9
-46
-22
-60
-64
-11
-9
-65
-44
-26
-61
-26
-85
-84
-2
-92
-75
-6
-67
-97
-35
-4
-63
-68
-21
-98
-96
-41
-37
-86
-77
-18
-9
-73
-85
-35
-97
-74
-59
-83
-50
-16
-30
-56
-13
-24
-79
-15
-77
-98
-41
-68
-82
-70
-54
-49
-55
-32
-45
-64
-91
-95
-85
-32
-53
-76
-91
-88
-39
-98
-43
-12
-93
-38
