173
138
931
774
740
367
22
152
59
912
798
38
57
513
218
522
940
739
233
794
231
95
170
757
363
474
325
831
606
107
110
203
57
537
80
833
312
326
563
246
972
449
787
643
507
125
971
349
88
108
195
828
860
879
329
317
858
422
27
280
823
812
312
440
332
724
249
104
867
206
462
72
638
326
615
950
696
328
107
181
744
442
76
889
136
288
761
744
198
941
894
234
890
967
820
420
581
589
683
171
288
572
964
72
61
747
40
936
915
581
303
323
313
90
209
525
960
860
445
965
92
982
669
722
492
75
805
442
464
273
11
368
993
922
338
315
509
51
564
230
996
490
198
275
670
610
692
903
645
56
425
952
351
777
295
986
189
931
392
400
307
572
994
975
577
215
210
887
643
412
868
0
268
628
362
521
216
754
753
986
360
515
782
261
941
565
766
596
470
210
276
561
969
118
57
835
483
778
482
767
509
347
154
861
404
668
615
552
252
619
496
98
849
218
766
666
222
286
443
125
697
835
932
727
410
74
384
22
742
265
90
943
84
359
738
644
186
838
318
476
493
171
69
475
741
723
208
898
363
849
7
744
522
219
558
27
654
440
159
484
684
105
390
713
853
120
281
281
297
588
268
134
299
803
860
825
729
862
518
808
141
326
835
214
334
360
515
581
930
786
340
76
621
885
665
762
63
840
275
739
115
135
981
699
573
699
369
430
630
722
581
480
373
349
767
664
993
27
366
343
359
427
985
836
632
428
937
985
799
951
134
897
314
771
790
16
451
549
400
370
972
70
557
706
479
727
643
394
141
479
30
145
638
23
985
240
912
452
561
598
901
717
582
35
638
922
44
628
111
710
882
185
670
492
995
973
125
364
43
249
629
57
280
843
238
239
606
797
77
524
247
333
582
626
158
735
958
725
829
722
38
282
617
204
410
688
650
234
229
214
773
963
94
409
816
514
843
420
975
504
69
219
670
183
812
644
785
695
290
284
868
754
735
349
834
895
684
417
620
894
490
434
129
519
141
878
324
786
388
103
940
752
557
691
666
237
25
234
162
582
581
322
290
988
255
262
223
726
767
343
532
503
709
677
202
355
939
776
71
898
724
993
470
231
495
32
271
336
358
239
801
57
853
589
68
507
62
957
491
707
955
142
435
205
217
29
396
124
898
769
674
958
487
230
221
249
542
449
850
45
700
803
356
740
621
109
436
812
395
270
644
834
873
844
845
573
382
997
956
475
248
720
597
880
844
91
769
149
958
935
66
829
806
311
588
541
954
167
916
499
257
860
29
787
724
636
110
853
27
694
257
627
312
598
683
87
10
480
618
387
544
167
527
226
596
364
600
646
810
622
130
877
389
19
875
999
519
876
722
944
